-1.0000    0.0001
   -0.9802    0.0621
   -0.9604    0.1238
   -0.9406    0.1851
   -0.9208    0.2456
   -0.9010    0.3052
   -0.8812    0.3636
   -0.8614    0.4207
   -0.8416    0.4761
   -0.8218    0.5297
   -0.8020    0.5812
   -0.7822    0.6305
   -0.7624    0.6774
   -0.7426    0.7217
   -0.7228    0.7632
   -0.7030    0.8018
   -0.6832    0.8373
   -0.6634    0.8696
   -0.6436    0.8986
   -0.6238    0.9241
   -0.6040    0.9460
   -0.5842    0.9643
   -0.5644    0.9789
   -0.5446    0.9898
   -0.5248    0.9968
   -0.5050    1.0000
   -0.4851    0.9994
   -0.4653    0.9949
   -0.4455    0.9866
   -0.4257    0.9745
   -0.4059    0.9587
   -0.3861    0.9392
   -0.3663    0.9160
   -0.3465    0.8894
   -0.3267    0.8593
   -0.3069    0.8260
   -0.2871    0.7894
   -0.2673    0.7499
   -0.2475    0.7074
   -0.2277    0.6623
   -0.2079    0.6145
   -0.1881    0.5645
   -0.1683    0.5122
   -0.1485    0.4580
   -0.1287    0.4021
   -0.1089    0.3445
   -0.0891    0.2857
   -0.0693    0.2258
   -0.0495    0.1650
   -0.0297    0.1035
   -0.0099    0.0417
    0.0099   -0.0203
    0.0297   -0.0822
    0.0495   -0.1438
    0.0693   -0.2049
    0.0891   -0.2651
    0.1089   -0.3244
    0.1287   -0.3823
    0.1485   -0.4389
    0.1683   -0.4937
    0.1881   -0.5466
    0.2079   -0.5975
    0.2277   -0.6460
    0.2475   -0.6921
    0.2673   -0.7355
    0.2871   -0.7760
    0.3069   -0.8136
    0.3267   -0.8481
    0.3465   -0.8793
    0.3663   -0.9071
    0.3861   -0.9315
    0.4059   -0.9522
    0.4257   -0.9693
    0.4455   -0.9827
    0.4653   -0.9923
    0.4851   -0.9981
    0.5050   -1.0000
    0.5248   -0.9981
    0.5446   -0.9924
    0.5644   -0.9828
    0.5842   -0.9695
    0.6040   -0.9524
    0.6238   -0.9317
    0.6436   -0.9074
    0.6634   -0.8797
    0.6832   -0.8485
    0.7030   -0.8141
    0.7228   -0.7765
    0.7426   -0.7360
    0.7624   -0.6926
    0.7822   -0.6466
    0.8020   -0.5981
    0.8218   -0.5473
    0.8416   -0.4944
    0.8614   -0.4396
    0.8812   -0.3831
    0.9010   -0.3251
    0.9208   -0.2659
    0.9406   -0.2056
    0.9604   -0.1446