-1.0000   -1.0000
   -0.9800   -1.0000
   -0.9600   -1.0000
   -0.9400   -1.0000
   -0.9200   -1.0000
   -0.9000   -1.0000
   -0.8800   -1.0000
   -0.8600   -1.0000
   -0.8400   -1.0000
   -0.8200   -1.0000
   -0.8000   -1.0000
   -0.7800   -1.0000
   -0.7600   -1.0000
   -0.7400   -1.0000
   -0.7200   -1.0000
   -0.7000   -1.0000
   -0.6800   -1.0000
   -0.6600   -1.0000
   -0.6400   -1.0000
   -0.6200   -1.0000
   -0.6000   -1.0000
   -0.5800   -1.0000
   -0.5600   -1.0000
   -0.5400   -1.0000
   -0.5200   -0.9999
   -0.5000   -0.9999
   -0.4800   -0.9999
   -0.4600   -0.9998
   -0.4400   -0.9997
   -0.4200   -0.9996
   -0.4000   -0.9993
   -0.3800   -0.9990
   -0.3600   -0.9985
   -0.3400   -0.9978
   -0.3200   -0.9967
   -0.3000   -0.9951
   -0.2800   -0.9926
   -0.2600   -0.9890
   -0.2400   -0.9837
   -0.2200   -0.9757
   -0.2000   -0.9640
   -0.1800   -0.9468
   -0.1600   -0.9217
   -0.1400   -0.8854
   -0.1200   -0.8337
   -0.1000   -0.7616
   -0.0800   -0.6640
   -0.0600   -0.5370
   -0.0400   -0.3799
   -0.0200   -0.1974
         0         0
    0.0200    0.1974
    0.0400    0.3799
    0.0600    0.5370
    0.0800    0.6640
    0.1000    0.7616
    0.1200    0.8337
    0.1400    0.8854
    0.1600    0.9217
    0.1800    0.9468
    0.2000    0.9640
    0.2200    0.9757
    0.2400    0.9837
    0.2600    0.9890
    0.2800    0.9926
    0.3000    0.9951
    0.3200    0.9967
    0.3400    0.9978
    0.3600    0.9985
    0.3800    0.9990
    0.4000    0.9993
    0.4200    0.9996
    0.4400    0.9997
    0.4600    0.9998
    0.4800    0.9999
    0.5000    0.9999
    0.5200    0.9999
    0.5400    1.0000
    0.5600    1.0000
    0.5800    1.0000
    0.6000    1.0000
    0.6200    1.0000
    0.6400    1.0000
    0.6600    1.0000
    0.6800    1.0000
    0.7000    1.0000
    0.7200    1.0000
    0.7400    1.0000
    0.7600    1.0000
    0.7800    1.0000
    0.8000    1.0000
    0.8200    1.0000
    0.8400    1.0000
    0.8600    1.0000
    0.8800    1.0000
    0.9000    1.0000
    0.9200    1.0000
    0.9400    1.0000
    0.9600    1.0000
    0.9800    1.0000
    1.0000    1.0000