-1.0000   -1.0000
   -0.9800   -0.9412
   -0.9600   -0.8847
   -0.9400   -0.8306
   -0.9200   -0.7787
   -0.9000   -0.7290
   -0.8800   -0.6815
   -0.8600   -0.6361
   -0.8400   -0.5927
   -0.8200   -0.5514
   -0.8000   -0.5120
   -0.7800   -0.4746
   -0.7600   -0.4390
   -0.7400   -0.4052
   -0.7200   -0.3732
   -0.7000   -0.3430
   -0.6800   -0.3144
   -0.6600   -0.2875
   -0.6400   -0.2621
   -0.6200   -0.2383
   -0.6000   -0.2160
   -0.5800   -0.1951
   -0.5600   -0.1756
   -0.5400   -0.1575
   -0.5200   -0.1406
   -0.5000   -0.1250
   -0.4800   -0.1106
   -0.4600   -0.0973
   -0.4400   -0.0852
   -0.4200   -0.0741
   -0.4000   -0.0640
   -0.3800   -0.0549
   -0.3600   -0.0467
   -0.3400   -0.0393
   -0.3200   -0.0328
   -0.3000   -0.0270
   -0.2800   -0.0220
   -0.2600   -0.0176
   -0.2400   -0.0138
   -0.2200   -0.0106
   -0.2000   -0.0080
   -0.1800   -0.0058
   -0.1600   -0.0041
   -0.1400   -0.0027
   -0.1200   -0.0017
   -0.1000   -0.0010
   -0.0800   -0.0005
   -0.0600   -0.0002
   -0.0400   -0.0001
   -0.0200   -0.0000
         0         0
    0.0200    0.0000
    0.0400    0.0001
    0.0600    0.0002
    0.0800    0.0005
    0.1000    0.0010
    0.1200    0.0017
    0.1400    0.0027
    0.1600    0.0041
    0.1800    0.0058
    0.2000    0.0080
    0.2200    0.0106
    0.2400    0.0138
    0.2600    0.0176
    0.2800    0.0220
    0.3000    0.0270
    0.3200    0.0328
    0.3400    0.0393
    0.3600    0.0467
    0.3800    0.0549
    0.4000    0.0640
    0.4200    0.0741
    0.4400    0.0852
    0.4600    0.0973
    0.4800    0.1106
    0.5000    0.1250
    0.5200    0.1406
    0.5400    0.1575
    0.5600    0.1756
    0.5800    0.1951
    0.6000    0.2160
    0.6200    0.2383
    0.6400    0.2621
    0.6600    0.2875
    0.6800    0.3144
    0.7000    0.3430
    0.7200    0.3732
    0.7400    0.4052
    0.7600    0.4390
    0.7800    0.4746
    0.8000    0.5120
    0.8200    0.5514
    0.8400    0.5927
    0.8600    0.6361
    0.8800    0.6815
    0.9000    0.7290
    0.9200    0.7787
    0.9400    0.8306
    0.9600    0.8847
    0.9800    0.9412
    1.0000    1.0000